(0,0):(-19.0,-32.0)
(1,0):(5.0,-32.0)
(-1,0):(-43.0,-32.0)
(0,1):(-19.0,38.0)
(0,-1):(-19.0,-102.0)
(1,1):(5.0,38.0)
(1,-1):(5.0,-102.0)
(-1,-1):(-43.0,-102.0)
(-1,1):(-43.0,38.0)
(2,0):(29.0,-32.0)
(2,1):(29.0,38.0)
(2,-1):(29.0,-102.0)
(-2,0):(-67.0,-32.0)
(-2,-1):(-67.0,-102.0)
(-2,1):(-67.0,38.0)
(0,2):(-19.0,108.0)
(1,2):(5.0,108.0)
(-1,2):(-43.0,108.0)
(0,-2):(-19.0,-172.0)
(1,-2):(5.0,-172.0)
(-1,-2):(-43.0,-172.0)
(2,2):(29.0,108.0)
(2,-2):(29.0,-172.0)
(-2,-2):(-67.0,-172.0)
(-2,2):(-67.0,108.0)
(3,0):(53.0,-32.0)
(3,1):(53.0,38.0)
(3,-1):(53.0,-102.0)
(3,2):(53.0,108.0)
(3,-2):(53.0,-172.0)
(-3,0):(-91.0,-32.0)
(-3,-1):(-91.0,-102.0)
(-3,1):(-91.0,38.0)
(-3,-2):(-91.0,-172.0)
(-3,2):(-91.0,108.0)
(0,3):(-19.0,178.0)
(1,3):(5.0,178.0)
(-1,3):(-43.0,178.0)
(2,3):(29.0,178.0)
(-2,3):(-67.0,178.0)
(0,-3):(-19.0,-242.0)
(1,-3):(5.0,-242.0)
(-1,-3):(-43.0,-242.0)
(2,-3):(29.0,-242.0)
(-2,-3):(-67.0,-242.0)
(3,3):(53.0,178.0)
(3,-3):(53.0,-242.0)
(-3,-3):(-91.0,-242.0)
(-3,3):(-91.0,178.0)
(4,0):(77.0,-32.0)
(4,1):(77.0,38.0)
(4,-1):(77.0,-102.0)
(4,2):(77.0,108.0)
(4,-2):(77.0,-172.0)
(4,3):(77.0,178.0)
(4,-3):(77.0,-242.0)
(-4,0):(-115.0,-32.0)
(-4,-1):(-115.0,-102.0)
(-4,1):(-115.0,38.0)
(-4,-2):(-115.0,-172.0)
(-4,2):(-115.0,108.0)
(-4,-3):(-115.0,-242.0)
(-4,3):(-115.0,178.0)
(0,4):(-19.0,248.0)
(1,4):(5.0,248.0)
(-1,4):(-43.0,248.0)
(2,4):(29.0,248.0)
(-2,4):(-67.0,248.0)
(3,4):(53.0,248.0)
(-3,4):(-91.0,248.0)
(0,-4):(-19.0,-312.0)
(1,-4):(5.0,-312.0)
(-1,-4):(-43.0,-312.0)
(2,-4):(29.0,-312.0)
(-2,-4):(-67.0,-312.0)
(3,-4):(53.0,-312.0)
(-3,-4):(-91.0,-312.0)
(4,4):(77.0,248.0)
(4,-4):(77.0,-312.0)
(-4,-4):(-115.0,-312.0)
(-4,4):(-115.0,248.0)
(5,0):(101.0,-32.0)
(5,1):(101.0,38.0)
(5,-1):(101.0,-102.0)
(5,2):(101.0,108.0)
(5,-2):(101.0,-172.0)
(5,3):(101.0,178.0)
(5,-3):(101.0,-242.0)
(5,4):(101.0,248.0)
(5,-4):(101.0,-312.0)
(-5,0):(-139.0,-32.0)
(-5,-1):(-139.0,-102.0)
(-5,1):(-139.0,38.0)
(-5,-2):(-139.0,-172.0)
(-5,2):(-139.0,108.0)
(-5,-3):(-139.0,-242.0)
(-5,3):(-139.0,178.0)
(-5,-4):(-139.0,-312.0)
(-5,4):(-139.0,248.0)
(0,5):(-19.0,318.0)
(1,5):(5.0,318.0)
(-1,5):(-43.0,318.0)
(2,5):(29.0,318.0)
(-2,5):(-67.0,318.0)
(3,5):(53.0,318.0)
(-3,5):(-91.0,318.0)
(4,5):(77.0,318.0)
(-4,5):(-115.0,318.0)
(0,-5):(-19.0,-382.0)
(1,-5):(5.0,-382.0)
(-1,-5):(-43.0,-382.0)
(2,-5):(29.0,-382.0)
(-2,-5):(-67.0,-382.0)
(3,-5):(53.0,-382.0)
(-3,-5):(-91.0,-382.0)
(4,-5):(77.0,-382.0)
(-4,-5):(-115.0,-382.0)
(5,5):(101.0,318.0)
(5,-5):(101.0,-382.0)
(-5,-5):(-139.0,-382.0)
(-5,5):(-139.0,318.0)
(6,0):(125.0,-32.0)
(6,1):(125.0,38.0)
(6,-1):(125.0,-102.0)
(6,2):(125.0,108.0)
(6,-2):(125.0,-172.0)
(6,3):(125.0,178.0)
(6,-3):(125.0,-242.0)
(6,4):(125.0,248.0)
(6,-4):(125.0,-312.0)
(6,5):(125.0,318.0)
(6,-5):(125.0,-382.0)
(-6,0):(-163.0,-32.0)
(-6,-1):(-163.0,-102.0)
(-6,1):(-163.0,38.0)
(-6,-2):(-163.0,-172.0)
(-6,2):(-163.0,108.0)
(-6,-3):(-163.0,-242.0)
(-6,3):(-163.0,178.0)
(-6,-4):(-163.0,-312.0)
(-6,4):(-163.0,248.0)
(-6,-5):(-163.0,-382.0)
(-6,5):(-163.0,318.0)
(0,6):(-19.0,388.0)
(1,6):(5.0,388.0)
(-1,6):(-43.0,388.0)
(2,6):(29.0,388.0)
(-2,6):(-67.0,388.0)
(3,6):(53.0,388.0)
(-3,6):(-91.0,388.0)
(4,6):(77.0,388.0)
(-4,6):(-115.0,388.0)
(5,6):(101.0,388.0)
(-5,6):(-139.0,388.0)
(0,-6):(-19.0,-452.0)
(1,-6):(5.0,-452.0)
(-1,-6):(-43.0,-452.0)
(2,-6):(29.0,-452.0)
(-2,-6):(-67.0,-452.0)
(3,-6):(53.0,-452.0)
(-3,-6):(-91.0,-452.0)
(4,-6):(77.0,-452.0)
(-4,-6):(-115.0,-452.0)
(5,-6):(101.0,-452.0)
(-5,-6):(-139.0,-452.0)
(6,6):(125.0,388.0)
(6,-6):(125.0,-452.0)
(-6,-6):(-163.0,-452.0)
(-6,6):(-163.0,388.0)
(7,0):(149.0,-32.0)
(7,1):(149.0,38.0)
(7,-1):(149.0,-102.0)
(7,2):(149.0,108.0)
(7,-2):(149.0,-172.0)
(7,3):(149.0,178.0)
(7,-3):(149.0,-242.0)
(7,4):(149.0,248.0)
(7,-4):(149.0,-312.0)
(7,5):(149.0,318.0)
(7,-5):(149.0,-382.0)
(7,6):(149.0,388.0)
(7,-6):(149.0,-452.0)
(-7,0):(-187.0,-32.0)
(-7,-1):(-187.0,-102.0)
(-7,1):(-187.0,38.0)
(-7,-2):(-187.0,-172.0)
(-7,2):(-187.0,108.0)
(-7,3):(-187.0,178.0)
(-7,-4):(-187.0,-312.0)
(-7,4):(-187.0,248.0)
(-7,-5):(-187.0,-382.0)
(-7,5):(-187.0,318.0)
(-7,-6):(-187.0,-452.0)
(-7,6):(-187.0,388.0)
(0,7):(-19.0,458.0)
(1,7):(5.0,458.0)
(-1,7):(-43.0,458.0)
(2,7):(29.0,458.0)
(-2,7):(-67.0,458.0)
(3,7):(53.0,458.0)
(-3,7):(-91.0,458.0)
(4,7):(77.0,458.0)
(-4,7):(-115.0,458.0)
(5,7):(101.0,458.0)
(-5,7):(-139.0,458.0)
(6,7):(125.0,458.0)
(-6,7):(-163.0,458.0)
(0,-7):(-19.0,-522.0)
(1,-7):(5.0,-522.0)
(-1,-7):(-43.0,-522.0)
(2,-7):(29.0,-522.0)
(-2,-7):(-67.0,-522.0)
(3,-7):(53.0,-522.0)
(-3,-7):(-91.0,-522.0)
(4,-7):(77.0,-522.0)
(-4,-7):(-115.0,-522.0)
(5,-7):(101.0,-522.0)
(-5,-7):(-139.0,-522.0)
(6,-7):(125.0,-522.0)
(-6,-7):(-163.0,-522.0)
(7,7):(149.0,458.0)
(7,-7):(149.0,-522.0)
(-7,-7):(-187.0,-522.0)
(-7,7):(-187.0,458.0)
(8,0):(173.0,-32.0)
(8,1):(173.0,38.0)
(8,-1):(173.0,-102.0)
(8,2):(173.0,108.0)
(8,-2):(173.0,-172.0)
(8,3):(173.0,178.0)
(8,-3):(173.0,-242.0)
(8,4):(173.0,248.0)
(8,-4):(173.0,-312.0)
(8,5):(173.0,318.0)
(8,-5):(173.0,-382.0)
(8,6):(173.0,388.0)
(8,-6):(173.0,-452.0)
(8,7):(173.0,458.0)
(8,-7):(173.0,-522.0)
(-8,0):(-211.0,-32.0)
(-8,-1):(-211.0,-102.0)
(-8,1):(-211.0,38.0)
(-8,-2):(-211.0,-172.0)
(-8,2):(-211.0,108.0)
(-8,-3):(-211.0,-242.0)
(-8,3):(-211.0,178.0)
