(0,0):(0.0,0.0)
(1,0):(30.0,0.0)
(-1,0):(-30.0,0.0)
(0,1):(0.0,30.0)
(0,-1):(0.0,-30.0)
(1,1):(30.0,30.0)
(1,-1):(30.0,-30.0)
(-1,-1):(-30.0,-30.0)
(-1,1):(-30.0,30.0)
(2,0):(60.0,0.0)
(2,1):(60.0,30.0)
(2,-1):(60.0,-30.0)
(-2,0):(-60.0,0.0)
(-2,-1):(-60.0,-30.0)
(-2,1):(-60.0,30.0)
(0,2):(0.0,60.0)
(1,2):(30.0,60.0)
(-1,2):(-30.0,60.0)
(0,-2):(0.0,-60.0)
(1,-2):(30.0,-60.0)
(-1,-2):(-30.0,-60.0)
(2,2):(60.0,60.0)
(2,-2):(60.0,-60.0)
(-2,-2):(-60.0,-60.0)
(-2,2):(-60.0,60.0)
(3,0):(90.0,0.0)
(3,1):(90.0,30.0)
(3,-1):(90.0,-30.0)
(3,2):(90.0,60.0)
(3,-2):(90.0,-60.0)
(-3,0):(-90.0,0.0)
(-3,-1):(-90.0,-30.0)
(-3,1):(-90.0,30.0)
(-3,-2):(-90.0,-60.0)
(-3,2):(-90.0,60.0)
(0,3):(0.0,90.0)
(1,3):(30.0,90.0)
(-1,3):(-30.0,90.0)
(2,3):(60.0,90.0)
(-2,3):(-60.0,90.0)
(0,-3):(0.0,-90.0)
(1,-3):(30.0,-90.0)
(-1,-3):(-30.0,-90.0)
(2,-3):(60.0,-90.0)
(-2,-3):(-60.0,-90.0)
(3,3):(90.0,90.0)
(3,-3):(90.0,-90.0)
(-3,-3):(-90.0,-90.0)
(-3,3):(-90.0,90.0)
(4,0):(120.0,0.0)
(4,1):(120.0,30.0)
(4,-1):(120.0,-30.0)
(4,2):(120.0,60.0)
(4,-2):(120.0,-60.0)
(4,3):(120.0,90.0)
(4,-3):(120.0,-90.0)
(-4,0):(-120.0,0.0)
(-4,-1):(-120.0,-30.0)
(-4,1):(-120.0,30.0)
(-4,-2):(-120.0,-60.0)
(-4,2):(-120.0,60.0)
(-4,-3):(-120.0,-90.0)
(-4,3):(-120.0,90.0)
(0,4):(0.0,120.0)
(1,4):(30.0,120.0)
(-1,4):(-30.0,120.0)
(2,4):(60.0,120.0)
(-2,4):(-60.0,120.0)
(3,4):(90.0,120.0)
(-3,4):(-90.0,120.0)
(0,-4):(0.0,-120.0)
(1,-4):(30.0,-120.0)
(-1,-4):(-30.0,-120.0)
(2,-4):(60.0,-120.0)
(-2,-4):(-60.0,-120.0)
(3,-4):(90.0,-120.0)
(-3,-4):(-90.0,-120.0)
(4,4):(120.0,120.0)
(4,-4):(120.0,-120.0)
(-4,-4):(-120.0,-120.0)
(-4,4):(-120.0,120.0)
(5,0):(150.0,0.0)
(5,1):(150.0,30.0)
(5,-1):(150.0,-30.0)
(5,2):(150.0,60.0)
(5,-2):(150.0,-60.0)
(5,3):(150.0,90.0)
(5,-3):(150.0,-90.0)
(5,4):(150.0,120.0)
(5,-4):(150.0,-120.0)
(-5,0):(-150.0,0.0)
(-5,-1):(-150.0,-30.0)
(-5,1):(-150.0,30.0)
(-5,-2):(-150.0,-60.0)
(-5,2):(-150.0,60.0)
(-5,-3):(-150.0,-90.0)
(-5,3):(-150.0,90.0)
(-5,-4):(-150.0,-120.0)
(-5,4):(-150.0,120.0)
(0,5):(0.0,150.0)
(1,5):(30.0,150.0)
(-1,5):(-30.0,150.0)
(2,5):(60.0,150.0)
(-2,5):(-60.0,150.0)
(3,5):(90.0,150.0)
(-3,5):(-90.0,150.0)
(4,5):(120.0,150.0)
(-4,5):(-120.0,150.0)
(0,-5):(0.0,-150.0)
(1,-5):(30.0,-150.0)
(-1,-5):(-30.0,-150.0)
(2,-5):(60.0,-150.0)
(-2,-5):(-60.0,-150.0)
(3,-5):(90.0,-150.0)
(-3,-5):(-90.0,-150.0)
(4,-5):(120.0,-150.0)
(-4,-5):(-120.0,-150.0)
(5,5):(150.0,150.0)
(5,-5):(150.0,-150.0)
(-5,-5):(-150.0,-150.0)
(-5,5):(-150.0,150.0)
(6,0):(180.0,0.0)
(6,1):(180.0,30.0)
(6,-1):(180.0,-30.0)
(6,2):(180.0,60.0)
(6,-2):(180.0,-60.0)
(6,3):(180.0,90.0)
(6,-3):(180.0,-90.0)
(6,4):(180.0,120.0)
(6,-4):(180.0,-120.0)
(6,5):(180.0,150.0)
(6,-5):(180.0,-150.0)
(-6,0):(-180.0,0.0)
(-6,-1):(-180.0,-30.0)
(-6,1):(-180.0,30.0)
(-6,-2):(-180.0,-60.0)
(-6,2):(-180.0,60.0)
(-6,-3):(-180.0,-90.0)
(-6,3):(-180.0,90.0)
(-6,-4):(-180.0,-120.0)
(-6,4):(-180.0,120.0)
(-6,-5):(-180.0,-150.0)
(-6,5):(-180.0,150.0)
(0,6):(0.0,180.0)
(1,6):(30.0,180.0)
(-1,6):(-30.0,180.0)
(2,6):(60.0,180.0)
(-2,6):(-60.0,180.0)
(3,6):(90.0,180.0)
(-3,6):(-90.0,180.0)
(4,6):(120.0,180.0)
(-4,6):(-120.0,180.0)
(5,6):(150.0,180.0)
(-5,6):(-150.0,180.0)
(0,-6):(0.0,-180.0)
(1,-6):(30.0,-180.0)
(-1,-6):(-30.0,-180.0)
(2,-6):(60.0,-180.0)
(-2,-6):(-60.0,-180.0)
(3,-6):(90.0,-180.0)
(-3,-6):(-90.0,-180.0)
(4,-6):(120.0,-180.0)
(-4,-6):(-120.0,-180.0)
(5,-6):(150.0,-180.0)
(-5,-6):(-150.0,-180.0)
(6,-6):(180.0,-180.0)
(-6,-6):(-180.0,-180.0)
(-6,6):(-180.0,180.0)
(7,0):(210.0,0.0)
(7,1):(210.0,30.0)
(7,-1):(210.0,-30.0)
(7,2):(210.0,60.0)
(7,-2):(210.0,-60.0)
(7,3):(210.0,90.0)
(7,-3):(210.0,-90.0)
(7,4):(210.0,120.0)
(7,-4):(210.0,-120.0)
(7,5):(210.0,150.0)
(7,-5):(210.0,-150.0)
(7,6):(210.0,180.0)
(7,-6):(210.0,-180.0)
(-7,0):(-210.0,0.0)
(-7,-1):(-210.0,-30.0)
(-7,1):(-210.0,30.0)
(-7,-2):(-210.0,-60.0)
(-7,2):(-210.0,60.0)
(-7,-3):(-210.0,-90.0)
(-7,3):(-210.0,90.0)
(-7,-4):(-210.0,-120.0)
(-7,4):(-210.0,120.0)
(-7,-5):(-210.0,-150.0)
(-7,5):(-210.0,150.0)
(-7,-6):(-210.0,-180.0)
(-7,6):(-210.0,180.0)
(0,7):(0.0,210.0)
(1,7):(30.0,210.0)
(-1,7):(-30.0,210.0)
(2,7):(60.0,210.0)
(-2,7):(-60.0,210.0)
(3,7):(90.0,210.0)
(-3,7):(-90.0,210.0)
(4,7):(120.0,210.0)
(-4,7):(-120.0,210.0)
(5,7):(150.0,210.0)
(-5,7):(-150.0,210.0)
(6,7):(180.0,210.0)
(-6,7):(-180.0,210.0)
(0,-7):(0.0,-210.0)
(1,-7):(30.0,-210.0)
(-1,-7):(-30.0,-210.0)
(2,-7):(60.0,-210.0)
(-2,-7):(-60.0,-210.0)
(3,-7):(90.0,-210.0)
(-3,-7):(-90.0,-210.0)
(4,-7):(120.0,-210.0)
(-4,-7):(-120.0,-210.0)
(5,-7):(150.0,-210.0)
(-5,-7):(-150.0,-210.0)
(6,-7):(180.0,-210.0)
(-6,-7):(-180.0,-210.0)
