(0,0):(20.0,20.0)
(1,0):(30.0,20.0)
(-1,0):(10.0,20.0)
(0,1):(20.0,30.0)
(0,-1):(20.0,10.0)
(1,1):(30.0,30.0)
(1,-1):(30.0,10.0)
(-1,-1):(10.0,10.0)
(-1,1):(10.0,30.0)
(2,0):(40.0,20.0)
(2,1):(40.0,30.0)
(2,-1):(40.0,10.0)
(-2,0):(0.0,20.0)
(-2,-1):(0.0,10.0)
(-2,1):(0.0,30.0)
(0,2):(20.0,40.0)
(1,2):(30.0,40.0)
(-1,2):(10.0,40.0)
(0,-2):(20.0,0.0)
(1,-2):(30.0,0.0)
(-1,-2):(10.0,0.0)
(2,2):(40.0,40.0)
(2,-2):(40.0,0.0)
(-2,-2):(0.0,0.0)
(-2,2):(0.0,40.0)
(3,0):(50.0,20.0)
(3,1):(50.0,30.0)
(3,-1):(50.0,10.0)
(3,2):(50.0,40.0)
(3,-2):(50.0,0.0)
(-3,0):(-10.0,20.0)
(-3,-1):(-10.0,10.0)
(-3,1):(-10.0,30.0)
(-3,-2):(-10.0,0.0)
(-3,2):(-10.0,40.0)
(0,3):(20.0,50.0)
(1,3):(30.0,50.0)
(-1,3):(10.0,50.0)
(2,3):(40.0,50.0)
(-2,3):(0.0,50.0)
(0,-3):(20.0,-10.0)
(1,-3):(30.0,-10.0)
(-1,-3):(10.0,-10.0)
(2,-3):(40.0,-10.0)
(-2,-3):(0.0,-10.0)
(3,3):(50.0,50.0)
(3,-3):(50.0,-10.0)
(-3,-3):(-10.0,-10.0)
(-3,3):(-10.0,50.0)
(4,0):(60.0,20.0)
(4,1):(60.0,30.0)
(4,-1):(60.0,10.0)
(4,2):(60.0,40.0)
(4,-2):(60.0,0.0)
(4,3):(60.0,50.0)
(4,-3):(60.0,-10.0)
(-4,0):(-20.0,20.0)
(-4,-1):(-20.0,10.0)
(-4,1):(-20.0,30.0)
(-4,-2):(-20.0,0.0)
(-4,2):(-20.0,40.0)
(-4,-3):(-20.0,-10.0)
(-4,3):(-20.0,50.0)
(0,4):(20.0,60.0)
(1,4):(30.0,60.0)
(-1,4):(10.0,60.0)
(2,4):(40.0,60.0)
(-2,4):(0.0,60.0)
(3,4):(50.0,60.0)
(-3,4):(-10.0,60.0)
(0,-4):(20.0,-20.0)
(1,-4):(30.0,-20.0)
(-1,-4):(10.0,-20.0)
(2,-4):(40.0,-20.0)
(-2,-4):(0.0,-20.0)
(3,-4):(50.0,-20.0)
(-3,-4):(-10.0,-20.0)
(4,4):(60.0,60.0)
(4,-4):(60.0,-20.0)
(-4,-4):(-20.0,-20.0)
(-4,4):(-20.0,60.0)
(5,0):(70.0,20.0)
(5,1):(70.0,30.0)
(5,-1):(70.0,10.0)
(5,2):(70.0,40.0)
(5,-2):(70.0,0.0)
(5,3):(70.0,50.0)
(5,-3):(70.0,-10.0)
(5,4):(70.0,60.0)
(5,-4):(70.0,-20.0)
(-5,0):(-30.0,20.0)
(-5,-1):(-30.0,10.0)
(-5,1):(-30.0,30.0)
(-5,-2):(-30.0,0.0)
(-5,2):(-30.0,40.0)
(-5,-3):(-30.0,-10.0)
(-5,3):(-30.0,50.0)
(-5,-4):(-30.0,-20.0)
(-5,4):(-30.0,60.0)
(0,5):(20.0,70.0)
(1,5):(30.0,70.0)
(-1,5):(10.0,70.0)
(2,5):(40.0,70.0)
(-2,5):(0.0,70.0)
(3,5):(50.0,70.0)
(-3,5):(-10.0,70.0)
(4,5):(60.0,70.0)
(-4,5):(-20.0,70.0)
(0,-5):(20.0,-30.0)
(1,-5):(30.0,-30.0)
(-1,-5):(10.0,-30.0)
(2,-5):(40.0,-30.0)
(-2,-5):(0.0,-30.0)
(3,-5):(50.0,-30.0)
(-3,-5):(-10.0,-30.0)
(4,-5):(60.0,-30.0)
(-4,-5):(-20.0,-30.0)
(5,5):(70.0,70.0)
(5,-5):(70.0,-30.0)
(-5,-5):(-30.0,-30.0)
(-5,5):(-30.0,70.0)
(6,0):(80.0,20.0)
(6,1):(80.0,30.0)
(6,-1):(80.0,10.0)
(6,2):(80.0,40.0)
(6,-2):(80.0,0.0)
(6,3):(80.0,50.0)
(6,-3):(80.0,-10.0)
(6,4):(80.0,60.0)
(6,-4):(80.0,-20.0)
(6,5):(80.0,70.0)
(6,-5):(80.0,-30.0)
(-6,0):(-40.0,20.0)
(-6,-1):(-40.0,10.0)
(-6,1):(-40.0,30.0)
(-6,-2):(-40.0,0.0)
(-6,2):(-40.0,40.0)
(-6,-3):(-40.0,-10.0)
(-6,3):(-40.0,50.0)
(-6,-4):(-40.0,-20.0)
(-6,4):(-40.0,60.0)
(-6,-5):(-40.0,-30.0)
(-6,5):(-40.0,70.0)
(0,6):(20.0,80.0)
(1,6):(30.0,80.0)
(-1,6):(10.0,80.0)
(2,6):(40.0,80.0)
(-2,6):(0.0,80.0)
(3,6):(50.0,80.0)
(-3,6):(-10.0,80.0)
(4,6):(60.0,80.0)
(-4,6):(-20.0,80.0)
(5,6):(70.0,80.0)
(-5,6):(-30.0,80.0)
(0,-6):(20.0,-40.0)
(1,-6):(30.0,-40.0)
(-1,-6):(10.0,-40.0)
(2,-6):(40.0,-40.0)
(-2,-6):(0.0,-40.0)
(3,-6):(50.0,-40.0)
(-3,-6):(-10.0,-40.0)
(4,-6):(60.0,-40.0)
(-4,-6):(-20.0,-40.0)
(5,-6):(70.0,-40.0)
(-5,-6):(-30.0,-40.0)
(6,6):(80.0,80.0)
(6,-6):(80.0,-40.0)
(-6,-6):(-40.0,-40.0)
(-6,6):(-40.0,80.0)
(7,0):(90.0,20.0)
(7,1):(90.0,30.0)
(7,-1):(90.0,10.0)
(7,2):(90.0,40.0)
(7,-2):(90.0,0.0)
(7,3):(90.0,50.0)
(7,-3):(90.0,-10.0)
(7,4):(90.0,60.0)
(7,-4):(90.0,-20.0)
(7,5):(90.0,70.0)
(7,-5):(90.0,-30.0)
(7,6):(90.0,80.0)
(7,-6):(90.0,-40.0)
(-7,0):(-50.0,20.0)
(-7,-1):(-50.0,10.0)
(-7,1):(-50.0,30.0)
(-7,-2):(-50.0,0.0)
(-7,2):(-50.0,40.0)
(-7,-3):(-50.0,-10.0)
(-7,3):(-50.0,50.0)
(-7,-4):(-50.0,-20.0)
(-7,4):(-50.0,60.0)
(-7,-5):(-50.0,-30.0)
(-7,5):(-50.0,70.0)
(-7,-6):(-50.0,-40.0)
(-7,6):(-50.0,80.0)
(0,7):(20.0,90.0)
(1,7):(30.0,90.0)
(-1,7):(10.0,90.0)
(2,7):(40.0,90.0)
(-2,7):(0.0,90.0)
(3,7):(50.0,90.0)
(-3,7):(-10.0,90.0)
(4,7):(60.0,90.0)
(-4,7):(-20.0,90.0)
(5,7):(70.0,90.0)
(-5,7):(-30.0,90.0)
(6,7):(80.0,90.0)
(-6,7):(-40.0,90.0)
(0,-7):(20.0,-50.0)
(1,-7):(30.0,-50.0)
(-1,-7):(10.0,-50.0)
(2,-7):(40.0,-50.0)
(-2,-7):(0.0,-50.0)
(3,-7):(50.0,-50.0)
(-3,-7):(-10.0,-50.0)
(4,-7):(60.0,-50.0)
(-4,-7):(-20.0,-50.0)
(5,-7):(70.0,-50.0)
(-5,-7):(-30.0,-50.0)
(6,-7):(80.0,-50.0)
(-6,-7):(-40.0,-50.0)
(7,7):(90.0,90.0)
(7,-7):(90.0,-50.0)
(-7,-7):(-50.0,-50.0)
(-7,7):(-50.0,90.0)
(8,0):(100.0,20.0)
(8,1):(100.0,30.0)
(8,-1):(100.0,10.0)
(8,2):(100.0,40.0)
(8,-2):(100.0,0.0)
(8,3):(100.0,50.0)
(8,-3):(100.0,-10.0)
(8,4):(100.0,60.0)
(8,-4):(100.0,-20.0)
(8,5):(100.0,70.0)
(8,-5):(100.0,-30.0)
(8,6):(100.0,80.0)
(8,-6):(100.0,-40.0)
(8,7):(100.0,90.0)
(8,-7):(100.0,-50.0)
(-8,0):(-60.0,20.0)
(-8,-1):(-60.0,10.0)
(-8,1):(-60.0,30.0)
(-8,-2):(-60.0,0.0)
(-8,2):(-60.0,40.0)
(-8,-3):(-60.0,-10.0)
(-8,3):(-60.0,50.0)
(-8,-4):(-60.0,-20.0)
(-8,4):(-60.0,60.0)
(-8,-5):(-60.0,-30.0)
(-8,5):(-60.0,70.0)
(-8,-6):(-60.0,-40.0)
(-8,6):(-60.0,80.0)
(-8,-7):(-60.0,-50.0)
(-8,7):(-60.0,90.0)
(0,8):(20.0,100.0)
(1,8):(30.0,100.0)
(-1,8):(10.0,100.0)
(2,8):(40.0,100.0)
(-2,8):(0.0,100.0)
(3,8):(50.0,100.0)
(-3,8):(-10.0,100.0)
(4,8):(60.0,100.0)
(-4,8):(-20.0,100.0)
(5,8):(70.0,100.0)
(-5,8):(-30.0,100.0)
(6,8):(80.0,100.0)
(-6,8):(-40.0,100.0)
(7,8):(90.0,100.0)
(-7,8):(-50.0,100.0)
(0,-8):(20.0,-60.0)
(1,-8):(30.0,-60.0)
(-1,-8):(10.0,-60.0)
(2,-8):(40.0,-60.0)
(-2,-8):(0.0,-60.0)
(3,-8):(50.0,-60.0)
(-3,-8):(-10.0,-60.0)
(4,-8):(60.0,-60.0)
(-4,-8):(-20.0,-60.0)
(5,-8):(70.0,-60.0)
(-5,-8):(-30.0,-60.0)
(6,-8):(80.0,-60.0)
(-6,-8):(-40.0,-60.0)
(7,-8):(90.0,-60.0)
(-7,-8):(-50.0,-60.0)
(8,8):(100.0,100.0)
(8,-8):(100.0,-60.0)
(-8,-8):(-60.0,-60.0)
(-8,8):(-60.0,100.0)
(9,0):(110.0,20.0)
(9,1):(110.0,30.0)
(9,-1):(110.0,10.0)
(9,2):(110.0,40.0)
(9,-2):(110.0,0.0)
(9,3):(110.0,50.0)
(9,-3):(110.0,-10.0)
(9,4):(110.0,60.0)
(9,-4):(110.0,-20.0)
(9,5):(110.0,70.0)
(9,-5):(110.0,-30.0)
(9,6):(110.0,80.0)
(9,-6):(110.0,-40.0)
(9,7):(110.0,90.0)
(9,-7):(110.0,-50.0)
(9,8):(110.0,100.0)
(9,-8):(110.0,-60.0)
(-9,0):(-70.0,20.0)
(-9,-1):(-70.0,10.0)
(-9,1):(-70.0,30.0)
(-9,-2):(-70.0,0.0)
(-9,2):(-70.0,40.0)
(-9,-3):(-70.0,-10.0)
(-9,3):(-70.0,50.0)
(-9,-4):(-70.0,-20.0)
(-9,4):(-70.0,60.0)
(-9,-5):(-70.0,-30.0)
(-9,5):(-70.0,70.0)
(-9,-6):(-70.0,-40.0)
(-9,6):(-70.0,80.0)
(-9,-7):(-70.0,-50.0)
(-9,7):(-70.0,90.0)
(-9,-8):(-70.0,-60.0)
(-9,8):(-70.0,100.0)
(0,9):(20.0,110.0)
(1,9):(30.0,110.0)
(-1,9):(10.0,110.0)
(2,9):(40.0,110.0)
(-2,9):(0.0,110.0)
(3,9):(50.0,110.0)
(-3,9):(-10.0,110.0)
(4,9):(60.0,110.0)
(-4,9):(-20.0,110.0)
(5,9):(70.0,110.0)
(-5,9):(-30.0,110.0)
(6,9):(80.0,110.0)
(-6,9):(-40.0,110.0)
(7,9):(90.0,110.0)
(-7,9):(-50.0,110.0)
(8,9):(100.0,110.0)
(-8,9):(-60.0,110.0)
(0,-9):(20.0,-70.0)
(1,-9):(30.0,-70.0)
(-1,-9):(10.0,-70.0)
(2,-9):(40.0,-70.0)
(-2,-9):(0.0,-70.0)
(3,-9):(50.0,-70.0)
(-3,-9):(-10.0,-70.0)
(4,-9):(60.0,-70.0)
(-4,-9):(-20.0,-70.0)
(5,-9):(70.0,-70.0)
(-5,-9):(-30.0,-70.0)
(6,-9):(80.0,-70.0)
(-6,-9):(-40.0,-70.0)
(7,-9):(90.0,-70.0)
(-7,-9):(-50.0,-70.0)
(8,-9):(100.0,-70.0)
(-8,-9):(-60.0,-70.0)
(9,-9):(110.0,-70.0)
(-9,-9):(-70.0,-70.0)
(-9,9):(-70.0,110.0)
(10,0):(120.0,20.0)
(10,1):(120.0,30.0)
(10,-1):(120.0,10.0)
(10,2):(120.0,40.0)
(10,-2):(120.0,0.0)
(10,3):(120.0,50.0)
(10,-3):(120.0,-10.0)
(10,4):(120.0,60.0)
(10,-4):(120.0,-20.0)
(10,5):(120.0,70.0)
(10,-5):(120.0,-30.0)
(10,6):(120.0,80.0)
(10,-6):(120.0,-40.0)
(10,7):(120.0,90.0)
(10,-7):(120.0,-50.0)
(10,8):(120.0,100.0)
(10,-8):(120.0,-60.0)
(10,9):(120.0,110.0)
(10,-9):(120.0,-70.0)
(-10,0):(-80.0,20.0)
(-10,-1):(-80.0,10.0)
(-10,1):(-80.0,30.0)
(-10,-2):(-80.0,0.0)
(-10,2):(-80.0,40.0)
(-10,-3):(-80.0,-10.0)
(-10,3):(-80.0,50.0)
(-10,-4):(-80.0,-20.0)
(-10,4):(-80.0,60.0)
(-10,-5):(-80.0,-30.0)
(-10,5):(-80.0,70.0)
(-10,-6):(-80.0,-40.0)
(-10,6):(-80.0,80.0)
(-10,-7):(-80.0,-50.0)
(-10,7):(-80.0,90.0)
(-10,-8):(-80.0,-60.0)
(-10,8):(-80.0,100.0)
(-10,-9):(-80.0,-70.0)
(-10,9):(-80.0,110.0)
(0,10):(20.0,120.0)
(1,10):(30.0,120.0)
(-1,10):(10.0,120.0)
(2,10):(40.0,120.0)
(-2,10):(0.0,120.0)
(3,10):(50.0,120.0)
(-3,10):(-10.0,120.0)
(4,10):(60.0,120.0)
(-4,10):(-20.0,120.0)
(5,10):(70.0,120.0)
(-5,10):(-30.0,120.0)
(6,10):(80.0,120.0)
(-6,10):(-40.0,120.0)
(7,10):(90.0,120.0)
(-7,10):(-50.0,120.0)
(8,10):(100.0,120.0)
(-8,10):(-60.0,120.0)
(9,10):(110.0,120.0)
(-9,10):(-70.0,120.0)
(0,-10):(20.0,-80.0)
(1,-10):(30.0,-80.0)
(-1,-10):(10.0,-80.0)
(2,-10):(40.0,-80.0)
(-2,-10):(0.0,-80.0)
(3,-10):(50.0,-80.0)
(-3,-10):(-10.0,-80.0)
(4,-10):(60.0,-80.0)
(-4,-10):(-20.0,-80.0)
(5,-10):(70.0,-80.0)
(-5,-10):(-30.0,-80.0)
(6,-10):(80.0,-80.0)
(-6,-10):(-40.0,-80.0)
(7,-10):(90.0,-80.0)
(-7,-10):(-50.0,-80.0)
(8,-10):(100.0,-80.0)
(-8,-10):(-60.0,-80.0)
(9,-10):(110.0,-80.0)
(-9,-10):(-70.0,-80.0)
